{
    "w": 960,
    "h": 480,
    "fl_x": 480.1548598430528,
    "fl_y": 480.04463655553394,
    "cx": 480.0198357520334,
    "cy": 239.72395377834218,
    "k1": -0.001946038841574493,
    "k2": -0.0001563756427563308,
    "p1": 9.964813138303529e-05,
    "p2": -0.00015862548824369465,
    "camera_model": "OPENCV",
    "frames": [
        {
            "file_path": "images/frame_00031.jpg",
            "transform_matrix": [
                [
                    0.941169060771459,
                    -0.32417241833673033,
                    -0.09546225555833925,
                    3.220248677432741
                ],
                [
                    0.29312501320729795,
                    0.9236878664262907,
                    -0.24673559137073894,
                    -1.6196412947029497
                ],
                [
                    0.16816220050531944,
                    0.20423752986795227,
                    0.9643694860968207,
                    1.2417753363150221
                ],
                [
                    0.0,
                    0.0,
                    0.0,
                    1.0
                ]
            ],
            "colmap_im_id": 32
        },
        {
            "file_path": "images/frame_00032.jpg",
            "transform_matrix": [
                [
                    0.9412438459159942,
                    -0.31653801860712927,
                    -0.11774423680818077,
                    3.183197780459331
                ],
                [
                    0.2932137775566988,
                    0.9389132299268008,
                    -0.18018775574204107,
                    -1.4702124564182077
                ],
                [
                    0.16758789686668615,
                    0.13507638374155329,
                    0.976559607693819,
                    1.2350488997021272
                ],
                [
                    0.0,
                    0.0,
                    0.0,
                    1.0
                ]
            ],
            "colmap_im_id": 31
        },
        {
            "file_path": "images/frame_00030.jpg",
            "transform_matrix": [
                [
                    0.9496821167971563,
                    -0.286987896311742,
                    -0.12546642740682784,
                    3.5956330977218043
                ],
                [
                    0.2639674978966598,
                    0.9489626786254889,
                    -0.17260067969192375,
                    -2.922065120400554
                ],
                [
                    0.1685972629963158,
                    0.13079671993784092,
                    0.9769683623145906,
                    1.291556200757847
                ],
                [
                    0.0,
                    0.0,
                    0.0,
                    1.0
                ]
            ],
            "colmap_im_id": 30
        },
        {
            "file_path": "images/frame_00006.jpg",
            "transform_matrix": [
                [
                    0.010546919854849832,
                    -0.9999443741689377,
                    0.00010511644589298134,
                    -0.48305574942326623
                ],
                [
                    0.9999258495464335,
                    0.010546084380148877,
                    -0.006088966504250375,
                    0.10811228376120957
                ],
                [
                    0.006087519233520135,
                    0.00016932849318003493,
                    0.9999814565467915,
                    0.5839764898677401
                ],
                [
                    0.0,
                    0.0,
                    0.0,
                    1.0
                ]
            ],
            "colmap_im_id": 13
        },
        {
            "file_path": "images/frame_00013.jpg",
            "transform_matrix": [
                [
                    0.7223008394373871,
                    -0.6897162412639375,
                    -0.05072478570474417,
                    -4.755636398913937
                ],
                [
                    0.6793742356748713,
                    0.7213614395939453,
                    -0.1344928301737125,
                    2.196615365391748
                ],
                [
                    0.12935279374343067,
                    0.06268317161485024,
                    0.9896154175977012,
                    -0.587699405617585
                ],
                [
                    0.0,
                    0.0,
                    0.0,
                    1.0
                ]
            ],
            "colmap_im_id": 12
        },
        {
            "file_path": "images/frame_00012.jpg",
            "transform_matrix": [
                [
                    0.61851112820206,
                    -0.7847079454153473,
                    0.04095637547731777,
                    -5.537424427880983
                ],
                [
                    0.7843485532309368,
                    0.6134079567937392,
                    -0.09234730958001142,
                    1.2037684115650213
                ],
                [
                    0.04734270096594709,
                    0.08924191248597498,
                    0.9948841890999648,
                    -0.7382687210272947
                ],
                [
                    0.0,
                    0.0,
                    0.0,
                    1.0
                ]
            ],
            "colmap_im_id": 11
        },
        {
            "file_path": "images/frame_00011.jpg",
            "transform_matrix": [
                [
                    0.49637773185312095,
                    -0.8679178997636872,
                    -0.01810156319609014,
                    -5.111980187834321
                ],
                [
                    0.8640957160211126,
                    0.4959790114268247,
                    -0.08569372076197158,
                    0.8628667197183584
                ],
                [
                    0.08335310956594319,
                    0.026894971534855223,
                    0.9961570757826435,
                    -0.7046757274964597
                ],
                [
                    0.0,
                    0.0,
                    0.0,
                    1.0
                ]
            ],
            "colmap_im_id": 10
        },
        {
            "file_path": "images/frame_00010.jpg",
            "transform_matrix": [
                [
                    0.36665582631634236,
                    -0.9303078896678835,
                    -0.009525515732455482,
                    -4.473542855747967
                ],
                [
                    0.9280528381734272,
                    0.3664488014947025,
                    -0.06658232078669697,
                    0.5936638600238601
                ],
                [
                    0.06543267216403936,
                    0.015572613935535226,
                    0.9977354654960844,
                    -0.5817229627042311
                ],
                [
                    0.0,
                    0.0,
                    0.0,
                    1.0
                ]
            ],
            "colmap_im_id": 9
        },
        {
            "file_path": "images/frame_00009.jpg",
            "transform_matrix": [
                [
                    0.23775348368131,
                    -0.9713218641971099,
                    -0.0026677949795141024,
                    -3.0872966479396204
                ],
                [
                    0.9705546837931183,
                    0.23767330645249898,
                    -0.03917914199133133,
                    0.2085073841705025
                ],
                [
                    0.03868962089038171,
                    0.006725736583316546,
                    0.9992286413543051,
                    -0.7627640473918716
                ],
                [
                    0.0,
                    0.0,
                    0.0,
                    1.0
                ]
            ],
            "colmap_im_id": 8
        },
        {
            "file_path": "images/frame_00004.jpg",
            "transform_matrix": [
                [
                    -0.0859762560914121,
                    -0.996296881556318,
                    -0.000779223754575502,
                    1.0119074266159322
                ],
                [
                    0.9962506125375958,
                    -0.08597977307257997,
                    0.009601856114963116,
                    0.18369501088711557
                ],
                [
                    -0.009633296786081385,
                    4.9229497493271004e-05,
                    0.9999535975081483,
                    0.13976941186455843
                ],
                [
                    0.0,
                    0.0,
                    0.0,
                    1.0
                ]
            ],
            "colmap_im_id": 7
        },
        {
            "file_path": "images/frame_00007.jpg",
            "transform_matrix": [
                [
                    0.010206990915410075,
                    -0.9999477084748849,
                    0.0006305967644423215,
                    -1.7056761836604255
                ],
                [
                    0.9999180628894542,
                    0.010201812004364647,
                    -0.007732434236975402,
                    0.12278109910845283
                ],
                [
                    0.007725596666554897,
                    0.0007094699811763373,
                    0.9999699054514049,
                    -0.5242717362157366
                ],
                [
                    0.0,
                    0.0,
                    0.0,
                    1.0
                ]
            ],
            "colmap_im_id": 6
        },
        {
            "file_path": "images/frame_00008.jpg",
            "transform_matrix": [
                [
                    0.09644196240147174,
                    -0.9953385541801001,
                    0.00033234142274681726,
                    -2.4014142798825175
                ],
                [
                    0.9951942755882226,
                    0.0964222859089859,
                    -0.017061553754525175,
                    0.13647327648803972
                ],
                [
                    0.01694997712641165,
                    0.0019761940071630836,
                    0.999854385864592,
                    -0.6419511695682435
                ],
                [
                    0.0,
                    0.0,
                    0.0,
                    1.0
                ]
            ],
            "colmap_im_id": 5
        },
        {
            "file_path": "images/frame_00003.jpg",
            "transform_matrix": [
                [
                    -0.08159860607728973,
                    -0.9966647595839783,
                    -0.0010121707632639824,
                    2.4488345434608174
                ],
                [
                    0.9966084824438832,
                    -0.08160475565614139,
                    0.010592288478021116,
                    0.2871296642070685
                ],
                [
                    -0.010639558597209506,
                    -0.0001444219933755244,
                    0.9999433878651054,
                    0.07319812872195318
                ],
                [
                    0.0,
                    0.0,
                    0.0,
                    1.0
                ]
            ],
            "colmap_im_id": 4
        },
        {
            "file_path": "images/frame_00002.jpg",
            "transform_matrix": [
                [
                    -0.13504283190167746,
                    -0.9908374310577858,
                    -0.002149131634575917,
                    3.131774077055332
                ],
                [
                    0.9906552699860429,
                    -0.1350592240826178,
                    0.01900373750297103,
                    0.37016949225395607
                ],
                [
                    -0.01911987449895755,
                    0.00043726994943096994,
                    0.9998171028713879,
                    0.19892542845763894
                ],
                [
                    0.0,
                    0.0,
                    0.0,
                    1.0
                ]
            ],
            "colmap_im_id": 3
        },
        {
            "file_path": "images/frame_00005.jpg",
            "transform_matrix": [
                [
                    -0.00010133630259760326,
                    -0.9999999721723736,
                    -0.00021304038552103546,
                    0.20215626650638346
                ],
                [
                    0.9999999852321481,
                    -0.00010136587026182378,
                    0.00013878279414552332,
                    0.12205113564236744
                ],
                [
                    -0.00013880438530760686,
                    -0.00021302631863966376,
                    0.9999999676765644,
                    0.725509212099562
                ],
                [
                    0.0,
                    0.0,
                    0.0,
                    1.0
                ]
            ],
            "colmap_im_id": 2
        },
        {
            "file_path": "images/frame_00001.jpg",
            "transform_matrix": [
                [
                    -0.15860129583613303,
                    -0.9873387535247364,
                    -0.0027954869556728206,
                    3.812060845996079
                ],
                [
                    0.9870978227885604,
                    -0.1586243789638882,
                    0.021821884529168167,
                    0.4855162848955056
                ],
                [
                    -0.021989024652834876,
                    0.0007015600763340727,
                    0.999757966013913,
                    0.324773352699233
                ],
                [
                    0.0,
                    0.0,
                    0.0,
                    1.0
                ]
            ],
            "colmap_im_id": 1
        },
        {
            "file_path": "images/frame_00015.jpg",
            "transform_matrix": [
                [
                    0.7222378268653646,
                    -0.6896421877165506,
                    -0.052594432845366024,
                    -3.7511981807015102
                ],
                [
                    0.6792891334617268,
                    0.721590999596179,
                    -0.13368882699239792,
                    3.1526172092432008
                ],
                [
                    0.13014912449037852,
                    0.06082830117072948,
                    0.9896267595265759,
                    -0.41015431165398414
                ],
                [
                    0.0,
                    0.0,
                    0.0,
                    1.0
                ]
            ],
            "colmap_im_id": 14
        },
        {
            "file_path": "images/frame_00014.jpg",
            "transform_matrix": [
                [
                    0.7222790943849206,
                    -0.6896164619696942,
                    -0.05236454138919263,
                    -4.258049046236878
                ],
                [
                    0.6792739672411237,
                    0.7216001977455055,
                    -0.13371623701761787,
                    2.673490041450742
                ],
                [
                    0.12999918170128483,
                    0.061010572805445536,
                    0.9896352473325454,
                    -0.49923295184182964
                ],
                [
                    0.0,
                    0.0,
                    0.0,
                    1.0
                ]
            ],
            "colmap_im_id": 15
        },
        {
            "file_path": "images/frame_00016.jpg",
            "transform_matrix": [
                [
                    0.7256114320649909,
                    -0.6853685472291521,
                    -0.06130256214543179,
                    -2.641151834308537
                ],
                [
                    0.6657831689037549,
                    0.7217888256625807,
                    -0.18908639071362748,
                    3.8335314993136165
                ],
                [
                    0.1738413692452613,
                    0.09638903266261073,
                    0.9800450666787212,
                    -0.7045005225338941
                ],
                [
                    0.0,
                    0.0,
                    0.0,
                    1.0
                ]
            ],
            "colmap_im_id": 16
        },
        {
            "file_path": "images/frame_00018.jpg",
            "transform_matrix": [
                [
                    0.7329738722642529,
                    -0.6779769940579453,
                    -0.055646186806461675,
                    -1.7066658509489003
                ],
                [
                    0.6670298415198056,
                    0.7323659316402734,
                    -0.13678937347154396,
                    2.892278589432489
                ],
                [
                    0.13349341968805004,
                    0.06314536959134302,
                    0.9890359797293337,
                    -0.5441562749670331
                ],
                [
                    0.0,
                    0.0,
                    0.0,
                    1.0
                ]
            ],
            "colmap_im_id": 17
        },
        {
            "file_path": "images/frame_00017.jpg",
            "transform_matrix": [
                [
                    0.7324310381386462,
                    -0.6785358148955,
                    -0.05598144581238174,
                    -2.1657796208084195
                ],
                [
                    0.6669597328155462,
                    0.7315871464895376,
                    -0.14122663308990566,
                    3.402628009244646
                ],
                [
                    0.136782634766846,
                    0.06610139934521117,
                    0.9883931990007035,
                    -0.6214342422803522
                ],
                [
                    0.0,
                    0.0,
                    0.0,
                    1.0
                ]
            ],
            "colmap_im_id": 18
        },
        {
            "file_path": "images/frame_00019.jpg",
            "transform_matrix": [
                [
                    0.7329661709374624,
                    -0.6779813189516269,
                    -0.05569491371648821,
                    -0.7801339393905513
                ],
                [
                    0.6671161151471,
                    0.732404944195453,
                    -0.13615831457937536,
                    1.8483486912606018
                ],
                [
                    0.1331040238772506,
                    0.06264446400654664,
                    0.9891203111639233,
                    -0.39299941497045127
                ],
                [
                    0.0,
                    0.0,
                    0.0,
                    1.0
                ]
            ],
            "colmap_im_id": 19
        },
        {
            "file_path": "images/frame_00020.jpg",
            "transform_matrix": [
                [
                    0.732964441102573,
                    -0.6779746253605642,
                    -0.055799063131878504,
                    -0.32111115978949856
                ],
                [
                    0.6670942950950727,
                    0.7324130212836499,
                    -0.13622175929624414,
                    1.3239690673667546
                ],
                [
                    0.1332228566380443,
                    0.06262246898165487,
                    0.989105705598669,
                    -0.3175439138873145
                ],
                [
                    0.0,
                    0.0,
                    0.0,
                    1.0
                ]
            ],
            "colmap_im_id": 20
        },
        {
            "file_path": "images/frame_00022.jpg",
            "transform_matrix": [
                [
                    0.7330073862591083,
                    -0.6779206160686474,
                    -0.055891054728786665,
                    1.0687171955336037
                ],
                [
                    0.667053002906733,
                    0.7324761494350839,
                    -0.13608446576249125,
                    -0.24926104254651393
                ],
                [
                    0.13319332942268805,
                    0.0624686226665691,
                    0.9891194104755204,
                    -0.08810702135544372
                ],
                [
                    0.0,
                    0.0,
                    0.0,
                    1.0
                ]
            ],
            "colmap_im_id": 21
        },
        {
            "file_path": "images/frame_00024.jpg",
            "transform_matrix": [
                [
                    0.7328767449451113,
                    -0.6780525025800598,
                    -0.056004289689058136,
                    1.991471166431572
                ],
                [
                    0.667188859266684,
                    0.7323678531886116,
                    -0.13600130031115418,
                    -1.289959309592437
                ],
                [
                    0.13323176343904897,
                    0.062306752128657675,
                    0.9891244440666196,
                    0.06188145850910369
                ],
                [
                    0.0,
                    0.0,
                    0.0,
                    1.0
                ]
            ],
            "colmap_im_id": 22
        },
        {
            "file_path": "images/frame_00021.jpg",
            "transform_matrix": [
                [
                    0.7329840978493627,
                    -0.6779611146773132,
                    -0.05570493053088539,
                    0.1461179927650113
                ],
                [
                    0.6670842387954196,
                    0.7324187068904628,
                    -0.13624043506844036,
                    0.7976005348493689
                ],
                [
                    0.13316505040997612,
                    0.06270219120889807,
                    0.9891084392355123,
                    -0.2421553337261623
                ],
                [
                    0.0,
                    0.0,
                    0.0,
                    1.0
                ]
            ],
            "colmap_im_id": 23
        },
        {
            "file_path": "images/frame_00023.jpg",
            "transform_matrix": [
                [
                    0.7329058429252183,
                    -0.6780047838381708,
                    -0.05620087631550236,
                    1.5270784885046427
                ],
                [
                    0.6672061011769524,
                    0.7324585185255917,
                    -0.13542723947398982,
                    -0.7576366931801622
                ],
                [
                    0.13298512683125552,
                    0.06175784753252549,
                    0.989192056331744,
                    -0.011789722987402681
                ],
                [
                    0.0,
                    0.0,
                    0.0,
                    1.0
                ]
            ],
            "colmap_im_id": 24
        },
        {
            "file_path": "images/frame_00026.jpg",
            "transform_matrix": [
                [
                    0.8225756172806926,
                    -0.5625902405757441,
                    -0.08283462479068593,
                    3.36152030787206
                ],
                [
                    0.5468306725994098,
                    0.8225368836107788,
                    -0.15623472918767126,
                    -2.864674681894777
                ],
                [
                    0.15603066801037715,
                    0.08321836521342005,
                    0.9842403844241716,
                    0.2869433688782032
                ],
                [
                    0.0,
                    0.0,
                    0.0,
                    1.0
                ]
            ],
            "colmap_im_id": 25
        },
        {
            "file_path": "images/frame_00025.jpg",
            "transform_matrix": [
                [
                    0.7406119881995011,
                    -0.6694669290817659,
                    -0.057514466015181905,
                    2.924507383159796
                ],
                [
                    0.6582898517241887,
                    0.7400725855866221,
                    -0.13764824437702497,
                    -2.3335923593048604
                ],
                [
                    0.13471582702907287,
                    0.06408275063510935,
                    0.9888099145027377,
                    0.21782053729005874
                ],
                [
                    0.0,
                    0.0,
                    0.0,
                    1.0
                ]
            ],
            "colmap_im_id": 26
        },
        {
            "file_path": "images/frame_00027.jpg",
            "transform_matrix": [
                [
                    0.885297436870738,
                    -0.45349014596157283,
                    -0.10293267598703966,
                    3.7407083004499078
                ],
                [
                    0.4341703257333966,
                    0.8853388007911046,
                    -0.1663470350391771,
                    -3.4492040331441736
                ],
                [
                    0.1665670331207763,
                    0.10257629028932723,
                    0.9806801354915994,
                    0.3525355745419105
                ],
                [
                    0.0,
                    0.0,
                    0.0,
                    1.0
                ]
            ],
            "colmap_im_id": 27
        },
        {
            "file_path": "images/frame_00028.jpg",
            "transform_matrix": [
                [
                    0.9319858771518265,
                    -0.33676861375634637,
                    -0.13412391873998356,
                    3.9563454378037783
                ],
                [
                    0.3214245136884591,
                    0.9388126117696058,
                    -0.12376252252789915,
                    -4.175989070873659
                ],
                [
                    0.16759655959976752,
                    0.07223420776169714,
                    0.9832057833634634,
                    1.3584213031211594
                ],
                [
                    0.0,
                    0.0,
                    0.0,
                    1.0
                ]
            ],
            "colmap_im_id": 28
        },
        {
            "file_path": "images/frame_00029.jpg",
            "transform_matrix": [
                [
                    0.9499140391668495,
                    -0.286348568991519,
                    -0.12517114376017419,
                    3.773477107459917
                ],
                [
                    0.2641477068644108,
                    0.949728084910787,
                    -0.16805521024342707,
                    -3.5878179604536014
                ],
                [
                    0.16700091961421726,
                    0.1265743329755224,
                    0.9777983591108175,
                    1.3234337570470884
                ],
                [
                    0.0,
                    0.0,
                    0.0,
                    1.0
                ]
            ],
            "colmap_im_id": 29
        }
    ],
    "applied_transform": [
        [
            0.0,
            1.0,
            0.0,
            0.0
        ],
        [
            1.0,
            0.0,
            0.0,
            0.0
        ],
        [
            -0.0,
            -0.0,
            -1.0,
            -0.0
        ]
    ]
}